372
0 0 2 0 30 1.000000 0 
2 0 0 3 13 0.000000 2 0 263 
0 3 2 2 35 1.000000 2 1 207 
2 2 0 1 2 0.000000 1 2 
0 1 1 2 4 0.500000 2 3 310 
1 2 4 1 1 0.000000 1 4 
4 1 2 2 7 0.285714 3 5 93 191 
4 0 4 1 2 0.000000 1 6 
0 0 3 4 2 1.000000 0 
3 4 1 0 1 0.000000 1 8 
1 0 3 3 3 1.000000 2 9 302 
3 3 1 2 3 0.000000 1 10 
1 2 2 3 3 1.000000 1 11 
2 3 1 4 3 0.000000 1 12 
1 4 1 3 4 1.000000 2 13 169 
1 3 1 3 1 0.000000 1 14 
0 0 4 0 41 1.000000 0 
4 0 1 0 23 0.000000 1 16 
1 0 3 0 18 1.000000 1 17 
3 0 1 2 11 0.000000 1 18 
1 2 3 4 2 1.000000 1 19 
3 4 1 3 2 0.000000 1 20 
1 3 2 4 3 1.000000 2 21 309 
2 4 1 4 1 0.000000 1 22 
0 0 2 2 36 1.000000 0 
2 2 3 0 33 0.000000 1 24 
3 0 4 2 61 1.000000 2 25 155 
4 2 1 0 15 0.000000 1 26 
1 0 3 2 7 1.000000 2 27 31 
3 2 4 0 6 0.000000 1 28 
4 0 3 3 4 1.000000 3 29 127 352 
3 3 1 0 2 0.000000 1 30 
0 0 3 0 8 1.000000 0 
3 0 0 2 7 0.000000 1 32 
0 2 1 0 15 0.600000 2 33 158 
1 0 4 2 8 0.000000 1 34 
4 2 1 3 8 0.750000 3 35 45 292 
1 3 4 4 1 0.000000 1 36 
4 4 2 3 1 1.000000 1 37 
2 3 2 4 1 0.000000 1 38 
0 0 0 1 9 1.000000 0 
0 1 4 0 4 0.000000 1 40 
4 0 1 1 4 1.000000 2 41 119 
0 2 4 0 2 0.000000 1 42 
4 0 0 3 7 0.142857 2 43 2 
0 3 4 2 8 0.875000 2 44 329 
1 3 1 2 7 0.285714 1 36 
0 0 3 3 2 1.000000 0 
3 3 2 0 2 0.000000 1 47 
2 0 1 3 6 1.000000 3 48 170 185 
1 3 1 0 3 0.000000 1 49 
1 0 1 2 2 1.000000 1 50 
1 2 1 4 2 0.000000 1 51 
1 4 2 2 7 0.714285 4 52 266 13 219 
2 2 4 4 2 0.500000 1 53 
0 0 4 3 10 1.000000 0 
4 3 0 2 8 0.000000 1 55 
0 2 2 3 10 1.000000 2 56 214 
2 3 2 2 10 0.100000 2 57 325 
0 4 2 3 34 1.000000 3 58 62 187 
2 3 0 1 34 0.000000 2 59 369 
0 1 2 2 55 1.000000 2 60 108 
2 2 0 4 16 0.000000 1 61 
0 0 1 0 9 1.000000 0 
1 0 0 4 8 0.000000 1 63 
0 4 1 1 13 1.000000 2 64 71 
1 1 0 3 4 0.000000 1 65 
0 3 3 1 4 1.000000 1 66 
3 1 0 2 4 0.000000 1 67 
0 2 3 4 3 0.666667 2 68 324 
3 4 2 2 2 0.000000 1 69 
0 1 0 4 5 0.000000 1 40 
0 0 2 3 5 1.000000 0 
2 3 0 2 1 0.000000 1 72 
0 2 2 1 2 0.500000 2 73 130 
2 1 0 1 1 0.000000 1 74 
0 1 1 1 4 0.250000 2 75 250 
1 1 4 1 1 0.000000 1 76 
4 1 1 2 4 0.250000 2 77 278 
1 2 2 1 2 0.000000 2 78 112 
0 2 0 4 7 0.000000 1 65 
0 4 0 3 18 0.388889 2 80 2 
0 3 0 1 16 0.562500 1 81 
0 1 4 3 8 0.624999 2 82 92 
4 3 2 1 7 0.285715 1 83 
1 0 4 4 6 1.000000 2 17 235 
4 4 1 1 4 0.000000 1 85 
0 2 4 4 8 1.000000 3 86 176 248 
4 4 1 2 7 0.000000 1 87 
1 2 2 4 1 1.000000 1 88 
2 4 1 3 1 0.000000 1 89 
0 0 4 4 6 1.000000 0 
4 4 0 1 3 0.000000 1 91 
2 1 4 1 7 0.714286 2 84 348 
2 2 2 1 4 1.000000 2 6 58 
2 1 1 2 3 0.000000 1 94 
0 0 3 1 5 1.000000 0 
3 1 2 0 2 0.000000 1 96 
2 0 1 1 1 1.000000 1 97 
0 2 2 0 1 0.000000 1 98 
2 0 3 2 1 1.000000 1 99 
3 2 2 2 4 0.250000 3 100 243 254 
2 2 1 2 2 0.500000 2 101 53 
1 2 1 2 1 0.000000 1 102 
4 0 0 1 18 0.000000 1 16 
0 1 3 0 16 1.000000 1 104 
3 0 0 3 15 0.000000 1 105 
0 3 3 2 48 1.000000 2 106 111 
3 2 0 1 49 0.000000 2 107 152 
2 2 3 1 39 0.000000 1 61 
0 0 1 2 34 1.000000 0 
1 2 0 3 35 0.000000 2 110 174 
3 1 1 2 68 0.867646 4 109 136 181 199 
0 3 4 0 5 1.000000 1 1 
4 0 1 3 1 0.000000 1 113 
1 3 3 0 1 1.000000 1 114 
3 0 3 3 1 0.000000 1 115 
3 3 3 2 7 0.142857 2 116 211 
3 2 1 3 10 0.800000 3 117 28 305 
1 0 4 0 1 0.000000 1 63 
4 0 1 2 3 0.333333 2 43 344 
1 2 2 0 1 0.000000 1 120 
2 0 4 2 3 1.000000 2 121 347 
4 2 3 0 2 0.000000 2 122 200 
0 0 0 3 9 1.000000 0 
0 3 2 0 7 0.000000 1 124 
2 0 3 3 4 0.250000 2 125 221 
3 3 2 2 2 0.000000 2 126 301 
2 2 1 3 3 0.333333 2 127 339 
1 3 2 1 1 0.000000 1 128 
2 1 1 1 41 0.439023 3 129 135 283 
2 0 2 1 5 0.800000 2 130 156 
2 0 0 1 8 1.000000 2 125 76 
0 1 2 4 1 0.000000 1 132 
2 4 3 1 17 0.058824 2 133 197 
3 1 2 1 39 0.589743 3 134 150 109 
4 2 3 1 48 0.041667 2 26 353 
1 2 1 1 62 0.064515 1 112 
0 0 1 1 3 1.000000 0 
1 1 0 4 2 0.000000 1 138 
0 4 2 1 2 1.000000 2 139 161 
2 1 3 4 2 0.000000 1 140 
3 4 2 3 1 1.000000 1 141 
2 3 3 1 1 0.000000 1 142 
3 1 2 2 7 0.142857 2 143 147 
0 4 3 1 1 0.000000 1 144 
0 1 0 2 11 0.454545 1 82 
0 2 3 1 12 0.500000 2 146 363 
0 0 4 1 4 1.000000 0 
4 1 0 1 1 0.000000 1 148 
0 1 3 1 15 1.000000 2 149 108 
3 1 0 4 2 0.000000 1 96 
0 4 3 2 3 0.666667 2 151 101 
2 0 3 0 18 0.000000 1 0 
3 0 2 2 42 1.000000 2 153 183 
4 0 3 0 43 0.046512 2 154 284 
2 3 2 0 4 0.000000 1 72 
2 1 1 0 4 0.000000 1 131 
1 0 1 1 11 0.545455 2 157 281 
1 0 0 1 7 0.857143 1 34 
0 1 1 4 8 0.250000 2 159 330 
2 0 0 4 3 0.000000 2 65 164 
0 4 3 0 1 1.000000 1 161 
3 0 0 1 1 0.000000 1 162 
0 1 2 0 1 1.000000 1 163 
3 0 2 0 1 0.000000 1 32 
2 0 1 0 2 1.000000 2 165 158 
1 0 1 0 1 0.000000 1 166 
1 0 1 4 3 1.000000 2 167 172 
1 4 1 4 3 0.000000 1 168 
1 3 1 1 4 0.250000 2 14 349 
0 0 2 4 4 1.000000 0 
2 4 1 0 4 0.000000 1 171 
1 3 2 2 3 0.000000 1 49 
0 4 1 2 2 1.000000 2 139 344 
0 3 1 4 1 1.000000 1 111 
1 4 0 2 1 0.000000 1 175 
0 0 2 1 5 1.000000 0 
2 1 0 3 1 0.000000 1 177 
0 3 4 1 1 1.000000 1 178 
4 1 1 3 1 0.000000 1 179 
1 3 3 1 9 0.111111 2 180 118 
0 0 0 2 54 1.000000 0 
0 2 3 0 25 0.000000 2 182 226 
3 0 1 0 13 0.846154 1 155 
1 0 2 0 3 0.000000 1 184 
0 0 1 3 17 1.000000 0 
1 3 0 4 15 0.000000 1 186 
2 0 3 4 3 0.333333 2 97 324 
3 4 2 1 1 0.000000 1 188 
2 1 3 2 1 1.000000 1 189 
3 2 4 1 1 0.000000 1 190 
0 3 2 4 2 1.000000 2 81 329 
2 4 0 4 1 0.000000 1 192 
0 4 3 4 1 1.000000 1 193 
3 4 0 1 1 0.000000 1 194 
2 2 3 3 16 0.000000 1 2 
3 3 2 4 16 1.000000 1 196 
4 1 1 0 1 0.000000 1 148 
1 0 3 1 8 1.000000 2 198 276 
0 0 4 2 1 1.000000 0 
3 0 4 4 1 1.000000 1 123 
4 4 3 1 1 0.000000 1 201 
3 1 1 4 4 1.000000 3 202 134 312 
1 4 3 2 4 0.000000 1 203 
3 2 1 1 2 0.500000 2 204 288 
0 2 3 2 1 0.000000 1 205 
0 2 0 3 31 0.000000 2 182 263 
4 4 1 0 3 0.000000 1 91 
1 0 4 3 3 0.666667 2 208 291 
4 3 1 2 5 0.600000 2 209 307 
1 2 3 3 6 1.000000 2 210 19 
1 3 0 2 3 0.333333 2 186 297 
0 2 1 1 4 1.000000 2 212 68 
2 0 0 2 4 0.000000 1 213 
0 0 3 2 9 1.000000 0 
3 2 3 0 7 0.000000 1 215 
3 0 3 4 7 1.000000 1 216 
3 4 3 2 7 0.000000 1 217 
3 2 1 4 6 1.000000 2 218 305 
1 4 3 3 3 0.000000 1 219 
3 3 1 1 4 0.750000 2 220 280 
1 0 3 4 11 0.272728 2 208 184 
3 4 2 0 5 0.800000 1 222 
2 0 1 4 5 0.200000 1 223 
1 4 3 0 1 0.000000 1 224 
3 0 1 1 1 1.000000 1 225 
0 1 1 0 7 0.000000 1 132 
1 0 4 1 14 1.000000 2 227 27 
4 1 1 1 14 0.000000 1 228 
1 1 3 1 9 1.000000 1 229 
3 1 3 1 9 0.000000 1 230 
4 0 4 2 5 1.000000 2 29 306 
4 2 4 1 3 0.000000 1 232 
0 0 0 4 8 1.000000 0 
0 4 1 0 8 0.000000 2 234 339 
1 0 0 3 6 1.000000 1 235 
0 3 1 2 6 0.000000 2 236 240 
1 2 0 2 1 1.000000 1 237 
0 2 4 2 3 0.666667 2 238 356 
4 2 0 3 1 1.000000 1 239 
2 3 3 4 1 0.000000 1 59 
3 4 2 4 1 1.000000 1 241 
2 4 3 2 1 0.000000 1 242 
0 3 0 2 2 0.000000 1 124 
0 2 0 1 3 1.000000 2 244 76 
0 1 0 1 2 0.000000 1 245 
0 1 4 1 5 1.000000 2 246 268 
4 1 0 2 5 0.000000 1 247 
4 4 0 3 1 0.000000 1 87 
1 2 0 1 3 1.000000 1 237 
2 1 4 0 3 0.000000 1 177 
4 0 3 1 3 1.000000 1 251 
3 1 4 2 3 0.000000 1 252 
4 2 3 2 2 1.000000 2 253 259 
1 1 4 0 1 0.000000 1 138 
4 0 2 1 1 1.000000 1 255 
2 1 4 4 1 0.000000 1 256 
4 4 2 2 1 1.000000 1 257 
2 2 4 2 1 0.000000 1 258 
4 0 0 4 4 0.000000 1 113 
0 4 4 1 5 1.000000 2 260 151 
4 1 0 3 5 0.000000 1 261 
0 3 1 1 6 1.000000 2 262 300 
2 2 1 0 2 0.000000 1 154 
1 0 2 1 2 1.000000 1 264 
2 1 1 4 1 0.000000 1 265 
0 4 1 4 3 0.000000 1 53 
4 2 0 1 5 0.000000 1 45 
0 1 3 2 1 1.000000 1 268 
3 2 0 4 1 0.000000 1 269 
2 3 0 4 1 0.000000 1 57 
0 4 3 3 1 1.000000 1 271 
3 3 0 1 1 0.000000 1 272 
3 1 4 0 1 0.000000 1 96 
4 0 3 2 1 1.000000 1 274 
3 2 1 0 9 0.000000 2 275 294 
1 1 0 2 4 0.000000 1 263 
0 2 4 1 3 1.000000 2 277 229 
3 4 4 1 4 0.750000 3 141 323 346 
4 1 3 3 4 0.250000 1 279 
1 2 1 0 7 0.714285 2 19 358 
1 0 2 4 1 0.000000 1 166 
2 1 2 1 1 0.000000 1 94 
2 0 4 0 3 0.333333 2 185 42 
3 0 2 1 1 0.000000 1 105 
2 1 3 3 1 1.000000 1 285 
3 3 4 1 1 0.000000 1 286 
4 1 3 2 2 0.500000 2 287 315 
1 2 4 3 8 0.750000 3 88 237 46 
4 3 3 2 3 0.000000 1 289 
0 3 1 0 1 1.000000 1 44 
1 2 4 2 3 0.000000 1 210 
1 2 3 0 1 0.000000 1 110 
3 0 3 2 8 1.000000 2 293 295 
3 0 3 0 7 0.000000 1 18 
4 3 0 3 2 1.000000 2 83 332 
0 3 1 3 2 0.000000 1 296 
3 4 0 2 1 0.000000 1 8 
0 2 1 4 3 1.000000 2 298 327 
1 4 0 3 1 0.000000 1 299 
0 2 3 3 2 1.000000 1 33 
4 3 1 0 2 0.000000 1 55 
4 4 3 2 1 0.000000 1 54 
4 2 1 1 3 1.000000 2 35 253 
1 1 3 2 3 0.000000 1 304 
4 1 4 0 2 0.000000 1 148 
4 2 4 3 2 0.000000 1 232 
0 3 0 4 3 1.000000 1 207 
0 4 1 3 4 0.000000 2 308 311 
1 3 0 1 2 1.000000 1 309 
1 2 0 4 1 1.000000 1 4 
1 2 3 1 2 0.500000 1 4 
3 1 3 2 1 0.000000 1 312 
4 3 2 2 3 0.000000 1 289 
2 2 4 1 1 1.000000 1 314 
3 3 0 4 1 0.000000 1 301 
0 4 4 3 1 1.000000 1 316 
4 3 2 4 1 0.000000 1 317 
2 4 4 4 1 1.000000 1 318 
4 4 3 4 1 0.000000 1 319 
3 0 2 4 1 1.000000 1 25 
2 4 4 0 1 0.000000 1 321 
4 0 3 4 1 1.000000 1 322 
3 4 1 1 5 0.600000 1 222 
2 4 2 3 2 0.000000 1 22 
4 0 2 3 1 0.000000 1 58 
1 4 1 1 2 0.000000 1 160 
1 4 1 2 2 0.000000 1 299 
2 2 0 3 3 0.000000 1 24 
2 4 0 1 1 0.000000 1 192 
4 0 0 2 2 1.000000 2 41 335 
0 2 4 3 3 0.000000 2 331 212 
0 1 4 2 1 0.000000 1 245 
4 2 0 2 1 1.000000 1 333 
0 2 2 2 1 0.000000 1 334 
0 3 3 0 1 0.000000 1 236 
3 0 2 3 2 1.000000 2 336 359 
2 3 1 0 1 0.000000 1 337 
1 0 2 2 3 1.000000 2 338 276 
3 4 1 2 1 1.000000 1 222 
1 2 3 2 1 0.000000 1 340 
1 4 4 2 1 0.000000 1 219 
4 2 1 2 3 0.333333 2 342 239 
1 2 2 2 4 0.500000 2 343 365 
3 2 3 1 2 1.000000 1 218 
3 1 3 4 2 0.000000 1 345 
4 4 2 0 2 0.000000 1 85 
4 2 2 1 2 0.000000 1 122 
2 1 1 3 1 0.000000 1 265 
0 2 1 3 1 0.000000 1 170 
1 0 2 3 2 1.000000 1 172 
2 3 4 0 2 0.000000 1 351 
3 3 4 2 2 0.000000 1 30 
3 1 4 1 2 0.000000 1 136 
0 1 4 4 2 1.000000 1 104 
4 4 0 2 2 0.000000 1 355 
3 2 2 0 2 0.000000 1 215 
2 0 1 2 2 1.000000 1 357 
2 1 3 0 1 0.000000 1 177 
2 3 3 2 1 0.000000 1 337 
3 2 2 1 1 1.000000 1 360 
2 1 3 1 1 0.000000 1 361 
3 1 1 1 1 1.000000 1 362 
3 2 2 3 1 0.000000 1 107 
2 3 1 2 1 1.000000 1 364 
0 4 0 1 1 0.000000 1 234 
0 1 0 3 1 1.000000 1 366 
0 3 0 3 1 0.000000 1 367 
0 3 2 3 1 1.000000 1 368 
0 1 1 3 1 1.000000 1 60 
1 3 4 1 1 0.000000 1 370 
